ID	type	lng                 	lat                 	pack_total_weight	pack_total_volume	first_receive_tm	last_receive_tm
0	1	116.571614 	39.792844 	-	-	08:00	00:00
1	2	116.242043 	40.072630 	0.2076	0.3666	09:00	12:00
2	2	116.403595 	39.872945 	0.05863	0.1687	13:30	14:00
3	2	116.186289 	40.016361 	0.03645	0.0745	13:00	15:00
4	2	116.508011 	39.826296 	0.02595	0.0542	09:00	10:00
5	2	116.130997 	39.825921 	0.0198	0.1117	11:00	13:30
6	2	116.292094 	39.942186 	0.02653	0.0409	11:30	13:00
7	2	116.439797 	39.833047 	0.06097	0.1057	09:00	11:00
8	2	116.508963 	39.823860 	0.01075	0.0455	13:00	15:00
9	2	116.378689 	39.795018 	0.221895	0.3375	09:00	12:00
10	2	116.358365 	39.922532 	0.025	0.2034	13:00	14:00
11	2	116.373796 	39.865785 	0.051942	0.1037	13:30	15:30
12	2	116.183008 	40.161382 	0.04723	0.0964	13:30	15:30
13	2	116.160112 	40.047810 	0.692255	1.1219	13:30	14:00
14	2	116.678619 	39.847616 	0.01055	0.026	10:00	12:00
15	2	116.226258 	39.713316 	0.0505	0.1151	11:00	12:00
16	2	116.306948 	40.099512 	0.348	3.4027	09:30	11:00
17	2	116.408698 	39.766474 	0.4524	4.4235	10:00	11:00
18	2	116.333278 	39.851693 	0.518445	1.4488	09:30	10:30
19	2	116.197001 	40.113750 	0.0208	0.1346	13:00	14:00
20	2	116.406780 	40.151046 	0.0886	0.1477	09:00	10:00
21	2	116.144710 	39.969706 	0.02865	0.0513	09:00	12:00
22	2	116.129614 	39.813060 	0.0105	0.0386	10:00	11:00
23	2	116.643754 	40.013940 	0.0856	0.1566	13:00	14:30
24	2	116.296372 	39.837049 	0.03304	0.1331	13:30	15:30
25	2	116.447047 	40.008081 	0.02366	0.3351	09:00	12:00
26	2	116.276963 	40.158640 	0.08944	0.1272	10:00	12:00
27	2	116.354563 	39.866296 	0.015	0.3662	13:30	15:30
28	2	116.318031 	39.875112 	0.03798	0.051	13:30	15:30
29	2	116.425587 	39.865789 	0.02212	0.798	13:30	14:00
30	2	116.471535 	39.966890 	0.24	0.4176	10:00	11:00
31	2	116.499245 	40.007637 	0.013	0.0368	09:30	11:00
32	2	116.319851 	39.936628 	0.3153	0.6039	11:00	12:00
33	2	116.440667 	39.923044 	0.1716	0.4511	13:30	14:00
34	2	116.205883 	39.758115 	0.04826	0.1466	11:00	13:30
35	2	116.443684 	40.084959 	0.01467	0.1156	10:00	11:00
36	2	116.529238 	39.912863 	0.0124	0.159	10:00	12:00
37	2	116.638334 	39.814205 	0.01817	0.0293	11:00	13:00
38	2	116.352196 	39.720231 	0.06247	0.121	13:00	14:00
39	2	116.218160 	40.163925 	0.0202	0.0515	09:00	12:00
40	2	116.402014 	39.854453 	0.0106	0.0244	11:00	13:30
41	2	116.447673 	39.907295 	0.06498	0.4311	13:00	14:00
42	2	116.504712 	40.074210 	0.0135	0.0942	09:30	10:30
43	2	116.536107 	39.869800 	0.0129	0.0973	13:30	14:00
44	2	116.674032 	39.980487 	0.0129	0.0973	13:00	15:30
45	2	116.421084 	39.869937 	0.012	0.0837	09:00	11:00
46	2	116.326513 	39.969071 	0.02331	0.0956	13:00	15:00
47	2	116.619257 	39.959178 	0.36857	0.5909	13:30	14:30
48	2	116.124201 	40.044411 	0.0294	0.1717	11:00	13:30
49	2	116.330904 	40.028102 	0.657512	1.0689	13:00	14:30
50	2	116.214509 	40.122890 	0.01697	0.026	11:00	12:00
51	2	116.175620 	40.137607 	0.05025	0.262	11:00	13:00
52	2	116.286521 	40.040149 	0.04702	0.3459	09:30	10:30
53	2	116.547921 	40.099246 	0.56436	0.878	13:00	14:00
54	2	116.426204 	39.768165 	0.05526	0.0875	10:00	11:00
55	2	116.198660 	39.916869 	0.09815	0.2089	13:00	15:30
56	2	116.401042 	40.128210 	0.013164	0.3085	11:30	13:00
57	2	116.526786 	39.772772 	0.0878	0.9089	09:30	11:00
58	2	116.509573 	39.903943 	0.03786	0.3001	09:00	12:00
59	2	116.619958 	40.018250 	0.0348	0.2074	10:00	11:00
60	2	116.288546 	39.947152 	0.0252	0.0265	10:00	12:00
61	2	116.358599 	40.049618 	0.0288	0.1882	09:30	10:30
62	2	116.185684 	40.041983 	0.0181	0.103	09:30	12:00
63	2	116.567180 	39.922132 	0.021	0.1357	11:00	13:30
64	2	116.454199 	39.823758 	0.0108	0.0612	11:30	13:00
65	2	116.315443 	40.149423 	0.0134	0.1608	13:00	15:00
66	2	116.697490 	39.969033 	0.0164	0.1584	13:30	14:30
67	2	116.129775 	40.030684 	0.04008	0.1237	09:30	10:30
68	2	116.135035 	39.829379 	0.20093	0.295	13:30	15:30
69	2	116.157269 	39.813850 	0.22901	0.3757	13:00	14:00
70	2	116.108275 	39.961533 	0.03329	0.0594	09:30	10:30
71	2	116.693690 	39.977631 	0.02872	0.0458	11:30	13:00
72	2	116.318280 	40.011351 	0.02904	0.0432	11:00	12:00
73	2	116.551723 	40.137788 	0.0526	0.06	11:00	12:00
74	2	116.519285 	39.975288 	0.3765	0.253	13:30	15:30
75	2	116.278044 	40.020899 	0.01908	0.0726	13:30	15:00
76	2	116.283233 	39.997765 	0.02112	0.04	13:30	15:00
77	2	116.239449 	40.166236 	0.0336	0.062	13:00	15:00
78	2	116.705558 	39.982080 	0.010625	0.0402	11:00	12:00
79	2	116.325359 	39.714637 	0.06506	0.0767	11:00	13:00
80	2	116.297954 	39.749617 	0.03432	0.0902	13:00	14:30
81	2	116.442283 	39.955037 	0.15	0.2468	10:00	12:00
82	2	116.344187 	39.928046 	0.05758	0.0716	13:00	14:00
83	2	116.396750 	40.032799 	0.01536	0.0445	13:00	15:30
84	2	116.343961 	39.731958 	0.0786	0.6139	11:00	13:00
85	2	116.422325 	39.937723 	0.024	0.05	11:30	13:00
86	2	116.501390 	39.940665 	0.492	0.903	13:30	15:30
87	2	116.181860 	39.877509 	0.152	0.315	13:30	15:30
88	2	116.702389 	39.985130 	0.3596	3.5161	09:00	12:00
89	2	116.276227 	39.954630 	0.15171	0.2329	13:30	14:00
90	2	116.327119 	39.983674 	0.0204	0.0621	13:30	15:30
91	2	116.636276 	40.029454 	0.03772	0.3039	13:00	14:30
92	2	116.486264 	39.755984 	0.04418	0.3643	11:30	13:00
93	2	116.443102 	39.902115 	0.09197	0.6076	11:30	13:30
94	2	116.452477 	39.766004 	0.08526	0.3598	13:30	14:00
95	2	116.368884 	39.750008 	0.073	0.2659	13:30	14:30
96	2	116.267044 	40.005218 	0.0238	0.1072	13:30	14:30
97	2	116.393720 	39.932944 	0.427	0.6515	11:00	13:00
98	2	116.356651 	40.013200 	0.1095	1.0035	09:00	12:00
99	2	116.563261 	39.920876 	0.0108	0.0178	11:30	13:30
100	2	116.214988 	39.948538 	0.21378	0.3854	10:00	11:00
101	2	116.448991 	39.850945 	0.2382	2.0293	09:00	12:00
102	2	116.531400 	39.973654 	0.01808	0.1625	09:00	12:00
103	2	116.386866 	40.078037 	0.08408	0.262	09:00	10:00
104	2	116.321216 	39.967611 	0.12216	0.3263	13:00	15:30
105	2	116.306184 	40.047660 	0.192	0.3069	11:00	13:30
106	2	116.449153 	39.858797 	0.152195	0.267	11:30	13:00
107	2	116.409031 	39.786938 	0.323375	0.6364	11:00	13:30
108	2	116.326604 	39.972781 	0.15122	0.3452	13:30	14:00
109	2	116.188969 	39.807586 	0.162891	0.4848	09:00	10:00
110	2	116.117569 	40.007862 	0.1888	0.3324	13:00	15:00
111	2	116.223639 	40.034059 	0.48152	2.6539	09:00	10:00
112	2	116.474950 	40.037350 	0.171	0.297	13:30	14:30
113	2	116.569280 	39.931223 	0.075175	0.4547	09:00	10:00
114	2	116.457241 	39.847345 	0.02764	0.2584	13:30	15:30
115	2	116.220996 	39.990716 	0.03	0.1	09:30	10:30
116	2	116.159234 	39.738324 	0.22925	0.3858	13:00	14:00
117	2	116.228605 	39.978168 	0.15	0.2468	09:30	12:00
118	2	116.337225 	39.877453 	0.19877	0.2965	11:30	13:30
119	2	116.291847 	39.872359 	0.206584	0.3716	13:00	15:00
120	2	116.171722 	39.890943 	0.519	0.9165	09:00	10:00
121	2	116.201915 	40.035121 	0.24687	0.5859	11:30	13:30
122	2	116.461945 	40.073790 	0.159775	0.2796	11:00	13:00
123	2	116.539929 	40.146034 	0.1733	0.667	09:00	11:00
124	2	116.564140 	39.847946 	0.11544	0.2098	13:00	14:00
125	2	116.459545 	39.921702 	0.179128	0.3172	13:30	15:30
126	2	116.357121 	39.913639 	0.126505	0.1876	09:30	11:00
127	2	116.250829 	39.891280 	0.02526	0.0365	13:00	14:30
128	2	116.415944 	39.781238 	0.402725	0.7621	09:30	11:00
129	2	116.261993 	39.997247 	0.153	0.2595	09:00	11:00
130	2	116.547290 	39.958433 	0.240858	0.4389	13:30	14:00
131	2	116.152640 	39.723152 	0.161815	0.2787	09:30	10:30
132	2	116.323423 	40.170217 	0.21457	0.5964	09:00	11:00
133	2	116.411282 	39.842317 	0.167288	0.2766	11:00	12:00
134	2	116.271985 	39.753773 	0.17466	0.3058	09:00	12:00
135	2	116.445107 	39.951336 	0.297287	0.6575	13:30	15:00
136	2	116.423576 	39.903787 	0.151035	0.2572	13:00	14:30
137	2	116.108802 	39.759928 	0.189045	0.3066	09:30	10:30
138	2	116.125634 	39.986830 	0.01293	0.0264	13:00	15:00
139	2	116.113572 	39.968266 	0.19312	0.3998	13:00	14:30
140	2	116.271488 	39.722942 	0.1269	0.1846	11:30	13:30
141	2	116.545613 	39.797444 	0.06055	0.0901	13:30	15:30
142	2	116.237362 	39.846856 	0.025664	0.0388	09:30	11:00
143	2	116.270554 	40.137197 	0.0124	0.1241	09:30	10:30
144	2	116.588135 	40.091385 	0.04136	0.0802	09:30	12:00
145	2	116.333156 	39.926811 	0.010096	0.0753	10:00	12:00
146	2	116.282925 	39.983000 	0.023852	0.0299	13:30	15:30
147	2	116.292539 	40.142344 	0.02246	0.0341	09:30	12:00
148	2	116.595043 	39.858413 	0.01806	0.0217	13:30	15:00
149	2	116.264476 	39.841778 	0.228415	0.4465	09:00	10:00
150	2	116.547252 	40.006272 	0.0236	0.032	11:00	13:30
151	2	116.344626 	39.841846 	0.03	0.1	11:30	13:30
152	2	116.106510 	39.741480 	0.5072	0.9	13:30	14:00
153	2	116.669333 	39.878629 	0.828	6.4765	09:00	10:00
154	2	116.614819 	39.832807 	1.61	12.5932	11:00	13:00
155	2	116.133534 	39.847645 	0.348	0.54	11:30	13:30
156	2	116.563884 	40.137329 	0.023275	0.0213	10:00	12:00
157	2	116.319676 	39.825279 	0.091	0.1753	09:00	12:00
158	2	116.513737 	39.882734 	0.01175	0.0454	10:00	11:00
159	2	116.280671 	40.033927 	0.072	0.6306	10:00	12:00
160	2	116.286044 	39.792462 	0.01758	0.0389	11:00	13:30
161	2	116.545729 	39.748147 	0.0672	0.1128	13:00	14:00
162	2	116.380648 	40.138807 	0.18	0.342	11:00	13:30
163	2	116.604035 	39.947453 	0.048	0.1	13:30	14:00
164	2	116.489951 	39.801779 	0.02024	0.0416	11:30	13:30
165	2	116.179888 	39.804007 	0.333	2.7443	13:30	14:30
166	2	116.383045 	39.868481 	0.123	0.9418	13:30	15:00
167	2	116.402895 	39.925429 	0.0615	0.5417	09:00	10:00
168	2	116.701603 	39.957279 	0.06825	0.5631	11:00	13:30
169	2	116.232790 	39.991372 	0.0288	0.0954	13:30	14:30
170	2	116.502534 	39.807146 	0.0105	0.0346	11:00	12:00
171	2	116.486529 	39.860022 	0.0156	0.0468	13:00	14:00
172	2	116.457159 	39.991150 	0.13905	1.2367	11:30	13:00
173	2	116.617322 	40.031218 	0.0136	0.0322	11:30	13:00
174	2	116.340379 	40.136697 	0.1177	1.2672	09:00	11:00
175	2	116.276518 	39.738767 	0.08312	1.4199	09:30	12:00
176	2	116.128998 	39.838966 	0.01485	0.0825	11:00	13:00
177	2	116.301396 	39.753760 	0.033	0.048	11:00	13:00
178	2	116.351089 	39.753501 	0.03964	0.0719	13:00	15:30
179	2	116.157360 	40.136642 	0.021202	0.1225	09:30	11:00
180	2	116.537014 	39.788280 	0.111481	0.1628	11:30	13:30
181	2	116.455062 	39.925008 	0.03672	0.1398	13:00	14:00
182	2	116.670310 	40.010024 	0.023268	0.0468	13:30	14:30
183	2	116.279374 	39.781054 	0.01014	0.0164	11:30	13:30
184	2	116.231026 	39.914807 	1.75794	2.7668	09:00	10:00
185	2	116.202960 	40.095300 	0.584525	1.0338	09:00	10:00
186	2	116.491817 	39.962652 	0.03504	0.0652	11:00	12:00
187	2	116.253201 	39.886712 	0.0172	0.058	11:00	13:00
188	2	116.342915 	39.740892 	0.148144	0.2932	09:00	11:00
189	2	116.501923 	39.740659 	0.181	0.2962	09:00	12:00
190	2	116.532870 	40.069425 	0.188367	0.3042	09:30	12:00
191	2	116.458168 	39.911881 	0.04744	0.1732	13:30	15:30
192	2	116.194315 	40.087405 	0.04224	0.08	11:00	13:00
193	2	116.608266 	39.998630 	0.01271	0.0743	11:00	12:00
194	2	116.199792 	39.915416 	0.01236	0.0427	09:00	10:00
195	2	116.450509 	40.060669 	0.0263	0.03	13:30	14:00
196	2	116.141859 	39.743783 	0.15628	0.2758	09:00	11:00
197	2	116.140398 	39.949424 	0.22089	0.3692	10:00	12:00
198	2	116.288791 	39.964501 	0.427	0.6553	09:30	10:30
199	2	116.341103 	39.824756 	0.159465	0.3018	10:00	12:00
200	2	116.420658 	39.883359 	0.135615	0.2547	13:30	15:00
201	2	116.376096 	40.023377 	0.017	0.0774	13:00	15:30
202	2	116.321557 	39.924486 	0.19925	0.3131	13:30	14:00
203	2	116.200707 	39.998889 	0.15138	0.3166	09:00	10:00
204	2	116.494361 	39.918541 	0.458324	0.7963	11:00	13:30
205	2	116.458756 	39.831774 	0.169731	0.3162	13:00	15:00
206	2	116.230417 	40.018260 	0.27	0.9	11:00	13:30
207	2	116.673236 	39.943886 	0.141515	0.3067	10:00	12:00
208	2	116.350636 	39.720100 	0.172	0.2543	13:00	15:00
209	2	116.303631 	40.025272 	0.233098	0.4424	13:30	14:00
210	2	116.281223 	39.972734 	0.167725	0.2567	11:00	12:00
211	2	116.449731 	39.975431 	0.0104	0.0271	13:00	14:30
212	2	116.686198 	39.889735 	0.01324	0.0423	13:30	15:30
213	2	116.236167 	40.069469 	0.233843	0.4788	10:00	12:00
214	2	116.349537 	39.918517 	0.154315	0.2805	11:30	13:00
215	2	116.396422 	40.128545 	0.08	0.165	09:30	10:30
216	2	116.459559 	39.732760 	0.248	0.514	11:30	13:30
217	2	116.433662 	39.868269 	0.116	0.24	11:00	13:30
218	2	116.272780 	39.742739 	0.3484	0.7428	11:30	13:00
219	2	116.109967 	39.966025 	0.3084	0.4753	13:30	14:30
220	2	116.553987 	39.804168 	0.42552	0.7946	09:00	10:00
221	2	116.627601 	40.045276 	0.53058	1.1845	13:30	14:00
222	2	116.208310 	39.873674 	0.35206	0.5677	13:00	15:00
223	2	116.393141 	39.880550 	0.25584	0.4341	13:30	15:00
224	2	116.301273 	39.969418 	0.63314	0.901	09:00	10:00
225	2	116.194737 	40.010094 	0.2902	0.4687	10:00	12:00
226	2	116.334688 	39.848670 	0.2869	0.478	11:00	12:00
227	2	116.233105 	39.990631 	0.98664	1.5177	09:00	11:00
228	2	116.308388 	40.070061 	0.07752	0.2258	11:30	13:00
229	2	116.528153 	39.847281 	0.90402	1.4757	13:00	15:00
230	2	116.576860 	39.814734 	0.11838	0.2677	13:30	15:00
231	2	116.169455 	40.039452 	0.44918	0.8249	13:30	15:00
232	2	116.685248 	39.876275 	0.09202	0.2043	11:00	13:00
233	2	116.275574 	39.790072 	0.22008	0.3728	09:00	12:00
234	2	116.171899 	40.024118 	0.2695	0.6045	09:00	10:00
235	2	116.217189 	40.143608 	0.249	0.4469	13:00	15:30
236	2	116.321507 	39.971150 	0.53744	0.8847	11:30	13:30
237	2	116.503462 	39.883935 	1.52578	2.309	09:00	12:00
238	2	116.286780 	39.964148 	0.68506	1.0887	09:30	11:00
239	2	116.169560 	40.047796 	0.45786	0.6916	09:30	12:00
240	2	116.226456 	39.724806 	1.2838	2.3358	10:00	11:00
241	2	116.190242 	39.943763 	0.0284	0.0898	13:00	15:00
242	2	116.280570 	39.988893 	1.13966	1.7748	13:30	15:30
243	2	116.173297 	39.861740 	0.83622	1.2372	09:00	10:00
244	2	116.372827 	40.087853 	0.34886	0.6614	09:00	11:00
245	2	116.570638 	40.089837 	0.31402	0.4957	11:00	13:30
246	2	116.394236 	39.853967 	1.02788	1.5884	11:00	13:30
247	2	116.569061 	40.066667 	1.14354	1.8357	09:30	11:00
248	2	116.564062 	39.883643 	0.56518	0.9934	13:30	14:00
249	2	116.166631 	39.710201 	0.58736	0.9466	10:00	11:00
250	2	116.498488 	39.852853 	0.12896	0.2394	09:00	11:00
251	2	116.424500 	39.976614 	0.13083	1.45	09:30	10:30
252	2	116.201517 	39.933705 	0.2028	0.3875	13:00	15:00
253	2	116.478894 	40.101591 	1.1096	7.4506	11:00	12:00
254	2	116.522401 	39.796203 	0.200762	0.3948	09:30	12:00
255	2	116.520156 	39.944703 	0.33028	0.5786	11:30	13:30
256	2	116.432181 	40.124988 	0.4413	0.736	09:30	10:30
257	2	116.494821 	39.790006 	0.64066	1.1978	13:00	15:00
258	2	116.224054 	40.030830 	0.99912	1.6142	09:30	11:00
259	2	116.450219 	39.914066 	0.37852	0.9054	13:00	15:00
260	2	116.111895 	39.968443 	0.30788	0.6175	13:30	14:30
261	2	116.327260 	40.101791 	0.27358	0.5589	09:00	10:00
262	2	116.257217 	40.083788 	0.60722	0.953	10:00	11:00
263	2	116.467444 	40.108075 	0.01358	0.0584	11:30	13:00
264	2	116.542583 	39.902679 	0.42836	0.6541	11:00	13:30
265	2	116.334418 	39.912875 	0.04638	0.1238	13:00	15:30
266	2	116.386836 	39.852653 	0.1014	0.3298	09:30	11:00
267	2	116.141243 	39.858155 	0.94838	1.4799	11:00	13:00
268	2	116.148148 	39.864064 	1.22922	2.2785	11:00	12:00
269	2	116.656018 	39.875720 	0.14754	0.2168	13:30	15:00
270	2	116.184317 	40.045308 	1.05882	1.7261	13:30	14:00
271	2	116.587701 	40.089340 	0.24104	0.3442	10:00	11:00
272	2	116.414761 	39.950050 	1.6399	2.307	09:00	12:00
273	2	116.482775 	39.970999 	0.14396	0.2614	09:30	11:00
274	2	116.203325 	40.155185 	0.30226	0.6249	13:30	15:00
275	2	116.372427 	39.861986 	0.04428	0.0736	11:00	12:00
276	2	116.506005 	39.898940 	0.53208	0.7957	13:30	15:30
277	2	116.522841 	40.119735 	0.46222	0.844	09:30	10:30
278	2	116.318058 	40.138920 	0.79668	1.3288	11:30	13:30
279	2	116.569244 	39.939792 	0.01008	0.0155	11:30	13:00
280	2	116.205596 	39.989561 	0.71386	1.2858	13:30	14:00
281	2	116.520325 	39.780365 	0.03248	0.0534	10:00	11:00
282	2	116.360808 	39.901138 	0.18336	0.3324	10:00	11:00
283	2	116.614752 	39.843468 	0.14778	0.4309	13:00	14:00
284	2	116.510263 	39.858338 	0.14376	0.318	11:00	12:00
285	2	116.243134 	40.036374 	0.48698	0.6686	11:30	13:00
286	2	116.179251 	39.943781 	0.13476	0.3356	11:00	13:00
287	2	116.263650 	39.731654 	1.5402	2.5964	13:30	15:30
288	2	116.561699 	39.780615 	1.40492	2.1777	09:30	10:30
289	2	116.444973 	39.955583 	0.4605	1.0361	13:00	15:00
290	2	116.350165 	39.839760 	1.6181	2.3341	11:00	13:30
291	2	116.432315 	39.811975 	0.62568	1.2917	09:30	10:30
292	2	116.386777 	39.722720 	0.53138	0.9201	11:30	13:30
293	2	116.604903 	39.911583 	0.32386	0.6175	13:00	15:30
294	2	116.379448 	39.933069 	0.23034	0.3384	09:30	10:30
295	2	116.406672 	40.128159 	0.37158	0.8335	13:30	15:30
296	2	116.336976 	39.923290 	1.95406	3.4996	10:00	12:00
297	2	116.442965 	40.109379 	0.19754	0.3674	13:30	14:00
298	2	116.395487 	39.957228 	0.25872	0.4925	13:00	15:30
299	2	116.240758 	39.972970 	0.02958	0.0828	13:30	14:30
300	2	116.140080 	40.047929 	0.24096	0.5065	11:00	13:30
301	2	116.264288 	39.883128 	0.39898	0.6086	13:00	14:30
302	2	116.100449 	39.969106 	0.026	0.0841	09:00	11:00
303	2	116.358717 	40.008133 	0.27638	0.4391	10:00	12:00
304	2	116.462930 	39.826986 	0.27382	0.4159	13:00	14:30
305	2	116.124720 	39.801855 	0.17436	0.3032	13:30	15:00
306	2	116.357206 	40.149340 	0.62094	1.0421	10:00	12:00
307	2	116.573877 	39.796889 	0.34668	0.881	13:00	15:00
308	2	116.318196 	40.038274 	0.1748	0.3024	11:00	13:30
309	2	116.416655 	39.947643 	0.87262	1.7074	13:00	15:30
310	2	116.360149 	39.866541 	0.21432	0.3194	09:30	12:00
311	2	116.290497 	39.752943 	0.99816	1.8708	13:30	15:00
312	2	116.129845 	39.962959 	0.51986	0.984	09:30	10:30
313	2	116.396285 	39.963275 	0.83118	1.4532	09:00	10:00
314	2	116.473090 	39.925812 	0.37924	0.8145	13:00	15:00
315	2	116.251977 	40.109119 	0.21758	0.5999	13:00	15:00
316	2	116.121159 	39.833541 	0.42048	0.7029	09:30	12:00
317	2	116.116622 	39.768904 	1.54626	2.204	13:00	15:00
318	2	116.378707 	39.985570 	0.36462	0.6038	11:30	13:00
319	2	116.512383 	39.809213 	0.49926	0.7679	11:30	13:30
320	2	116.233156 	39.892297 	0.3786	0.688	09:30	11:00
321	2	116.282821 	39.787430 	0.53764	0.7184	11:00	12:00
322	2	116.136891 	39.708096 	0.02826	0.0997	13:30	14:30
323	2	116.347205 	39.743840 	0.1473	0.2267	13:00	15:30
324	2	116.335002 	39.810205 	0.1169	0.217	11:00	13:00
325	2	116.127158 	39.833318 	0.55948	1.0563	11:00	13:30
326	2	116.107184 	39.758503 	0.37158	0.6483	11:00	13:30
327	2	116.531707 	40.105260 	0.0888	0.1275	09:00	12:00
328	2	116.401347 	39.896611 	0.24374	0.3902	10:00	11:00
329	2	116.677785 	39.955230 	0.34806	0.622	09:30	11:00
330	2	116.332965 	39.727835 	0.51346	0.8333	13:30	14:00
331	2	116.131654 	39.746487 	0.06186	0.3615	11:30	13:30
332	2	116.267064 	39.853043 	0.29114	0.4485	09:00	11:00
333	2	116.149070 	39.881029 	0.18166	0.3318	11:30	13:00
334	2	116.403574 	39.925311 	0.2958	0.5314	09:00	11:00
335	2	116.610002 	39.924097 	0.15204	0.3588	11:00	12:00
336	2	116.568430 	39.983951 	0.93352	1.6593	09:30	11:00
337	2	116.163967 	40.057923 	0.76428	1.2053	11:00	13:30
338	2	116.497680 	39.878714 	0.09196	0.2093	10:00	12:00
339	2	116.179538 	39.742354 	0.81876	1.2827	13:00	15:30
340	2	116.322154 	39.770278 	0.55592	0.8878	09:30	10:30
341	2	116.332363 	39.881554 	0.49298	0.7858	09:30	11:00
342	2	116.612980 	40.043302 	0.06304	0.1729	13:00	15:30
343	2	116.243233 	40.039328 	0.73346	1.4748	09:00	12:00
344	2	116.346736 	40.093102 	0.27962	0.5189	13:00	14:00
345	2	116.435224 	39.885708 	0.38512	0.6209	13:00	15:00
346	2	116.354453 	39.975306 	0.18146	0.588	13:30	15:30
347	2	116.198090 	39.993186 	0.02882	0.0973	09:00	11:00
348	2	116.182940 	39.825713 	0.45782	0.7366	11:30	13:00
349	2	116.599232 	39.938823 	1.4378	2.7187	10:00	12:00
350	2	116.255475 	40.065709 	0.61244	1.1503	11:00	13:30
351	2	116.556186 	39.978444 	1.21386	2.0523	11:00	12:00
352	2	116.485205 	39.826802 	0.01514	0.0535	13:30	14:00
353	2	116.341987 	40.080109 	0.92498	1.4561	11:00	13:00
354	2	116.604205 	39.762220 	0.26328	0.4148	11:00	12:00
355	2	116.347641 	40.132115 	0.08524	0.1432	10:00	11:00
356	2	116.530735 	39.870139 	0.06646	0.1037	13:30	15:00
357	2	116.538171 	40.138911 	0.42252	0.7675	10:00	11:00
358	2	116.184338 	40.013810 	1.13288	1.8114	10:00	12:00
359	2	116.221040 	40.155860 	1.7347	2.888	13:00	14:00
360	2	116.404202 	39.871644 	0.09974	0.1793	13:00	15:00
361	2	116.366556 	40.087393 	0.61094	1.0467	11:00	13:00
362	2	116.329896 	39.992886 	0.23654	0.405	13:30	14:00
363	2	116.158608 	39.988892 	0.03468	0.1495	11:00	13:30
364	2	116.350852 	39.946864 	0.56804	1.0137	09:30	10:30
365	2	116.662108 	40.002566 	1.31804	2.1146	11:30	13:00
366	2	116.429806 	39.940008 	0.63722	1.0845	10:00	11:00
367	2	116.301115 	39.875276 	0.21466	0.3682	13:30	14:00
368	2	116.498260 	40.137772 	0.55876	0.956	09:00	10:00
369	2	116.585622 	39.989420 	0.3671	0.7404	09:30	11:00
370	2	116.401228 	40.041078 	0.14268	0.2194	09:30	11:00
371	2	116.178918 	40.097005 	0.70432	1.3673	13:30	15:30
372	2	116.249247 	39.915973 	0.47982	0.8208	13:30	14:30
373	2	116.121724 	39.757274 	0.44456	0.6963	13:00	14:30
374	2	116.180627 	39.734351 	0.68612	1.1114	09:00	10:00
375	2	116.163499 	39.990753 	0.18542	0.3804	13:00	15:30
376	2	116.277793 	39.719803 	0.63878	1.0059	11:00	13:30
377	2	116.142652 	39.753464 	0.37128	0.5801	11:00	12:00
378	2	116.210488 	39.989959 	0.34188	0.5727	13:00	14:30
379	2	116.297788 	40.031478 	0.23382	0.4613	10:00	11:00
380	2	116.477389 	39.839907 	0.62932	1.092	11:30	13:30
381	2	116.539166 	40.133488 	0.1174	0.2353	13:30	14:00
382	2	116.333464 	39.973820 	0.3542	0.5429	13:30	14:00
383	2	116.665203 	39.995020 	0.2205	0.4668	13:00	15:00
384	2	116.351384 	39.967956 	0.43428	0.7279	09:30	10:30
385	2	116.498053 	40.062180 	0.02496	0.03	10:00	11:00
386	2	116.331332 	40.048593 	0.02736	0.1189	13:30	15:00
387	2	116.181902 	39.827877 	0.9337	1.7232	09:30	12:00
388	2	116.256907 	40.110497 	0.05242	0.1159	09:00	12:00
389	2	116.661169 	39.863133 	0.0857	0.1784	09:30	12:00
390	2	116.180245 	40.057366 	0.3879	0.7503	09:00	12:00
391	2	116.459881 	39.794027 	0.68066	1.3043	11:30	13:30
392	2	116.472521 	39.933929 	0.19272	0.4081	10:00	12:00
393	2	116.276368 	39.840244 	0.16038	0.4503	11:00	13:00
394	2	116.690441 	39.899387 	0.08048	0.2328	09:00	10:00
395	2	116.222988 	40.101678 	0.45934	0.7387	13:30	15:30
396	2	116.381361 	39.891943 	0.11216	0.2803	11:30	13:00
397	2	116.677244 	39.886203 	0.30934	0.4815	13:00	15:00
398	2	116.349837 	39.748804 	0.12544	0.2661	13:30	14:30
399	2	116.395280 	39.867675 	0.1464	0.2272	10:00	12:00
400	2	116.490913 	39.843332 	0.19098	0.3131	09:30	12:00
401	2	116.534760 	39.842326 	0.08352	0.1354	13:00	15:00
402	2	116.433216 	40.035669 	0.01	0.0182	09:30	12:00
403	2	116.150803 	39.953491 	0.2513	0.4956	09:30	10:30
404	2	116.562184 	40.038596 	0.93376	1.4915	09:30	11:00
405	2	116.175248 	40.036376 	0.2535	0.4641	09:00	12:00
406	2	116.316341 	39.932548 	0.20894	0.34	13:00	14:00
407	2	116.649155 	40.060933 	0.02224	0.0584	10:00	11:00
408	2	116.549104 	39.821780 	0.29046	0.4789	09:30	11:00
409	2	116.353150 	39.963799 	0.14242	0.2079	09:30	10:30
410	2	116.346428 	39.845952 	0.14204	0.3475	09:00	12:00
411	2	116.559054 	40.021143 	0.4531	0.8275	10:00	11:00
412	2	116.283193 	39.914513 	0.0681	0.172	13:30	15:30
413	2	116.357190 	39.905337 	0.63968	1.2843	09:30	12:00
414	2	116.589252 	40.077234 	0.14996	0.2332	11:30	13:00
415	2	116.371407 	40.036318 	0.16444	0.2704	13:00	15:30
416	2	116.274664 	39.962031 	0.05912	0.1088	10:00	11:00
417	2	116.439980 	39.931291 	0.39832	0.6243	13:00	14:00
418	2	116.372097 	39.736921 	0.22868	0.3277	11:00	13:30
419	2	116.523972 	40.030174 	0.24745	1.8008	09:30	12:00
420	2	116.283986 	39.731031 	0.048	0.0792	09:30	11:00
421	2	116.179890 	40.083464 	0.173841	0.3197	11:00	12:00
422	2	116.130097 	39.962469 	0.19588	0.4018	09:30	10:30
423	2	116.480968 	39.799028 	0.01957	0.0268	11:00	13:30
424	2	116.176535 	40.073921 	1.14672	1.9047	10:00	11:00
425	2	116.337530 	39.724733 	0.1691	0.2946	11:00	12:00
426	2	116.613660 	40.016850 	1.02551	1.5584	09:30	12:00
427	2	116.320522 	40.084135 	0.167806	0.3168	11:30	13:30
428	2	116.464055 	39.758444 	0.18507	0.4684	09:30	12:00
429	2	116.463287 	39.976656 	0.151403	0.2689	09:30	11:00
430	2	116.411622 	39.904003 	0.17732	0.3441	09:30	12:00
431	2	116.299732 	40.138874 	0.0973	0.4035	13:30	15:00
432	2	116.221412 	39.734750 	0.271326	0.7891	11:30	13:00
433	2	116.278149 	39.975441 	0.244913	0.4047	13:00	15:30
434	2	116.354626 	39.877589 	0.247967	0.4008	13:30	15:30
435	2	116.325208 	39.785365 	0.16859	0.286	11:30	13:30
436	2	116.371109 	39.840981 	0.072	0.6043	13:00	15:30
437	2	116.409970 	39.834377 	0.246	2.0252	11:00	13:00
438	2	116.379536 	39.890775 	0.1026	0.8663	13:00	14:30
439	2	116.268759 	40.087220 	0.0822	0.6728	13:30	15:00
440	2	116.460836 	39.761369 	0.17578	0.2948	11:30	13:30
441	2	116.661358 	39.881919 	0.186209	0.3568	10:00	11:00
442	2	116.520254 	39.753417 	0.01968	0.0194	11:00	12:00
443	2	116.336241 	40.068432 	0.174864	0.5003	11:30	13:30
444	2	116.299193 	40.147447 	0.15803	0.287	09:30	11:00
445	2	116.194622 	39.796990 	0.2025	2.6265	11:00	12:00
446	2	116.675736 	39.900462 	0.3688	0.577	09:00	12:00
447	2	116.629525 	39.974041 	0.22071	0.3751	11:30	13:30
448	2	116.141820 	39.770383 	0.22148	0.3468	09:00	12:00
449	2	116.233383 	39.903624 	0.235425	0.3893	09:00	10:00
450	2	116.371493 	40.010147 	0.174095	0.2023	11:00	12:00
451	2	116.204733 	39.902148 	0.152258	0.2995	13:30	14:30
452	2	116.227186 	40.029366 	0.15493	0.313	09:30	12:00
453	2	116.692431 	39.976355 	0.18408	0.3315	09:00	11:00
454	2	116.612052 	39.834813 	0.2036	0.3671	11:30	13:30
455	2	116.539103 	39.970798 	0.261575	0.5859	13:00	14:00
456	2	116.538829 	39.958466 	0.180245	0.3471	09:00	10:00
457	2	116.290128 	39.841434 	0.138	1.0794	13:00	14:00
458	2	116.271847 	39.844576 	0.17466	0.3058	09:00	11:00
459	2	116.597416 	39.829360 	0.15849	0.2766	11:30	13:00
460	2	116.213824 	39.896549 	0.01068	0.0122	09:00	11:00
461	2	116.333302 	39.978628 	0.1074	0.4501	13:00	15:00
462	2	116.607891 	39.841755 	0.11576	0.4685	09:00	11:00
463	2	116.615539 	39.798271 	0.427	0.6553	09:30	12:00
464	2	116.373288 	40.037334 	0.174964	0.2683	09:30	12:00
465	2	116.378925 	39.944335 	0.74092	0.8807	11:30	13:30
466	2	116.424504 	39.977628 	0.2936	3.8229	09:30	12:00
467	2	116.357967 	39.954182 	0.185	0.3252	09:30	12:00
468	2	116.479118 	39.853600 	0.175875	0.5354	11:00	13:30
469	2	116.205820 	40.106927 	0.157195	0.3262	13:00	14:00
470	2	116.447048 	39.866848 	0.159406	0.2642	11:30	13:30
471	2	116.250407 	39.769430 	0.22959	0.397	13:00	15:30
472	2	116.579979 	39.957192 	0.238699	0.582	13:00	15:00
473	2	116.606798 	39.893962 	0.298224	0.4553	09:00	12:00
474	2	116.167449 	40.149389 	0.153685	0.2652	09:30	10:30
475	2	116.547692 	39.871472 	0.145995	0.2013	13:00	15:30
476	2	116.487022 	39.834761 	0.158275	0.2426	13:30	14:30
477	2	116.452714 	39.869057 	0.1074	0.4501	13:00	15:00
478	2	116.569959 	39.876404 	0.599	0.9073	09:30	11:00
479	2	116.356073 	39.889634 	0.2544	0.237	13:30	14:30
480	2	116.320788 	39.856668 	0.5088	0.474	13:30	15:30
481	2	116.359727 	39.889633 	1.0176	0.948	13:30	14:30
482	2	116.330078 	40.014090 	0.01008	0.0407	10:00	11:00
483	2	116.277587 	40.028851 	0.02625	0.0541	09:30	10:30
484	2	116.459865 	39.978054 	0.03922	0.0609	11:00	12:00
485	2	116.322999 	39.840845 	0.0579	0.0908	11:00	13:00
486	2	116.186721 	39.939695 	0.414	3.2382	11:30	13:00
487	2	116.227553 	40.069462 	0.5136	0.5362	09:00	10:00
488	2	116.247201 	39.872790 	0.03	0.0618	10:00	12:00
489	2	116.458324 	39.761507 	0.1892	0.3807	11:00	12:00
490	2	116.278523 	39.767984 	0.0384	0.0468	13:00	15:30
491	2	116.255865 	39.981405 	0.0696	0.6805	13:30	15:30
492	2	116.368530 	39.900794 	0.1744	1.4556	09:30	12:00
493	2	116.388390 	39.942544 	0.0105	0.893	11:00	13:00
494	2	116.294640 	39.725807 	0.0824	0.7312	13:00	15:00
495	2	116.667762 	39.892619 	0.01327	0.0815	11:30	13:30
496	2	116.315555 	39.877354 	0.2256	0.3534	13:00	14:00
497	2	116.560624 	40.008625 	0.20049	0.3726	09:00	10:00
498	2	116.551919 	40.135374 	0.186368	0.3281	10:00	12:00
499	2	116.123279 	39.701882 	0.04024	0.0658	13:30	15:00
500	2	116.213298 	40.100561 	0.0503	0.0822	09:00	11:00
501	2	116.517170 	39.848767 	0.21385	0.3243	09:30	10:30
502	2	116.405465 	39.980627 	0.08292	0.1101	09:30	10:30
503	2	116.554061 	40.131388 	0.04218	0.3401	13:00	15:30
504	2	116.526781 	39.748573 	0.04623	0.19	13:30	15:30
505	2	116.577922 	40.116047 	0.12599	0.2188	13:30	14:30
506	2	116.422241 	40.052979 	0.01134	0.069	13:30	15:00
507	2	116.269290 	39.982575 	0.011658	0.0233	09:30	11:00
508	2	116.414758 	39.848028 	0.012	0.0778	13:30	15:00
509	2	116.353619 	39.894466 	0.0831	0.1781	13:30	15:00
510	2	116.529162 	39.873235 	0.010275	0.1469	13:00	14:30
511	2	116.364745 	39.725877 	0.01923	0.0528	10:00	11:00
512	2	116.703834 	39.888276 	0.22615	0.3522	13:00	15:00
513	2	116.617010 	39.956093 	0.340275	0.568	13:00	14:30
514	2	116.607253 	40.112692 	0.223551	0.5138	09:30	10:30
515	2	116.253313 	39.721351 	0.01044	0.0943	13:00	14:30
516	2	116.690661 	39.973210 	0.17451	0.3934	13:30	15:30
517	2	116.183873 	39.923956 	0.208889	0.3838	10:00	12:00
518	2	116.562681 	39.987530 	0.20203	0.3668	09:00	10:00
519	2	116.201906 	40.024808 	0.15078	0.3806	11:30	13:00
520	2	116.557700 	39.779933 	0.17149	0.3503	13:30	15:00
521	2	116.239777 	40.082543 	0.0256	0.0476	13:30	14:00
522	2	116.140802 	39.701892 	0.1879	0.2903	09:30	12:00
523	2	116.208912 	39.842471 	0.18443	0.5565	11:30	13:00
524	2	116.557360 	39.939368 	0.1708	0.2606	11:00	13:00
525	2	116.498574 	39.837010 	0.188865	0.286	13:00	15:30
526	2	116.166628 	39.723612 	0.140295	0.2748	13:00	14:00
527	2	116.217302 	40.119962 	0.17715	0.3008	13:00	14:00
528	2	116.363812 	40.087261 	0.01536	0.0285	10:00	12:00
529	2	116.597617 	39.927117 	0.162823	0.2854	09:30	10:30
530	2	116.196777 	39.796230 	0.125475	0.4302	13:30	14:30
531	2	116.455808 	39.871338 	0.406132	0.7118	10:00	12:00
532	2	116.467672 	39.794837 	0.250241	0.5637	11:00	13:30
533	2	116.300291 	40.089851 	0.455088	0.7071	09:30	12:00
534	2	116.240387 	39.850046 	0.28866	0.4392	09:00	10:00
535	2	116.541845 	39.835484 	0.163	0.2861	13:30	15:30
536	2	116.237131 	39.835040 	0.192575	0.3859	13:30	15:00
537	2	116.149950 	40.052391 	0.219294	0.3446	11:00	13:30
538	2	116.685060 	39.892467 	0.1879	0.2903	09:00	12:00
539	2	116.599356 	39.818900 	0.11566	0.1991	09:00	12:00
540	2	116.144593 	40.074694 	0.16532	0.3102	10:00	11:00
541	2	116.515182 	39.902972 	0.28505	0.5185	10:00	11:00
542	2	116.414936 	39.838932 	0.025175	0.0426	09:30	10:30
543	2	116.442370 	39.834063 	0.172425	0.2499	09:30	12:00
544	2	116.474870 	39.817423 	0.150538	0.2755	11:30	13:30
545	2	116.632171 	39.990541 	0.211634	0.4313	13:00	15:30
546	2	116.683977 	39.990087 	0.0128	0.0194	13:30	14:00
547	2	116.192076 	40.026323 	0.180455	0.318	13:30	15:00
548	2	116.562793 	40.135137 	0.219095	0.3608	11:30	13:00
549	2	116.174213 	39.936015 	0.155294	0.3518	11:00	12:00
550	2	116.534073 	39.916820 	0.29165	0.4525	13:30	14:00
551	2	116.216170 	40.090630 	0.1116	0.1501	13:30	15:00
552	2	116.178328 	39.927660 	0.0517	0.1002	13:00	14:00
553	2	116.574040 	39.788611 	0.04536	0.0693	09:00	11:00
554	2	116.280186 	39.694926 	0.01416	0.0151	09:30	12:00
555	2	116.217125 	39.736201 	0.041784	0.0895	10:00	12:00
556	2	116.108608 	39.769057 	0.095	0.1545	13:30	14:30
557	2	116.338809 	39.716028 	0.08786	0.7108	13:30	14:00
558	2	116.470008 	40.046010 	0.015	0.1883	13:00	14:30
559	2	116.215001 	39.708383 	0.09765	0.1495	09:30	11:00
560	2	116.372899 	40.099176 	0.03154	0.1059	13:00	14:00
561	2	116.547600 	39.819057 	0.10061	0.1437	13:30	14:00
562	2	116.382439 	39.850103 	0.045228	0.0831	09:00	11:00
563	2	116.480563 	39.911019 	0.12605	0.1969	11:30	13:30
564	2	116.631700 	39.991331 	0.0173	0.0284	09:00	10:00
565	2	116.548133 	39.889307 	0.06062	0.0909	09:00	10:00
566	2	116.155020 	39.840975 	0.77438	1.24	11:00	12:00
567	2	116.368843 	40.090091 	0.03376	0.0572	10:00	12:00
568	2	116.447697 	39.922190 	0.037	0.244	13:30	14:00
569	2	116.119401 	39.832570 	0.04	0.271	13:00	14:00
570	2	116.534075 	39.873402 	0.528	3.8841	11:30	13:30
571	2	116.323488 	39.902381 	0.0252	0.0654	11:30	13:00
572	2	116.220966 	40.118894 	0.0126	0.028	13:00	14:30
573	2	116.271841 	39.907550 	0.015	0.0717	10:00	12:00
574	2	116.531509 	40.018803 	0.011	0.2	09:30	11:00
575	2	116.238707 	40.065440 	0.029	0.2	09:00	11:00
576	2	116.554519 	39.984700 	0.22914	2.2843	13:30	14:30
577	2	116.527675 	39.805858 	0.0345	0.1875	09:30	11:00
578	2	116.673396 	40.003406 	0.039	0.4018	09:30	12:00
579	2	116.417365 	40.142650 	0.0264	0.5867	13:00	15:30
580	2	116.677890 	39.875923 	0.03242	0.3178	09:30	12:00
581	2	116.363613 	39.882472 	0.08032	0.1682	13:00	14:30
582	2	116.460740 	40.024667 	0.0695	0.4242	09:30	12:00
583	2	116.154115 	40.063670 	0.0298	0.1351	11:00	12:00
584	2	116.178226 	40.069580 	0.07233	0.5148	13:30	14:30
585	2	116.216041 	40.012261 	0.01275	0.0707	13:00	15:30
586	2	116.336571 	39.710420 	0.10615	1.4726	11:30	13:30
587	2	116.424398 	39.993515 	0.06177	0.5102	13:30	15:00
588	2	116.417702 	40.026877 	0.05246	0.064	13:30	14:30
589	2	116.331820 	40.167551 	0.0498	0.5142	11:00	13:30
590	2	116.637160 	39.850719 	0.0396	0.0639	13:30	15:00
591	2	116.530901 	39.757891 	0.3545	2.9843	13:30	14:30
592	2	116.231391 	40.042297 	0.15039	0.2501	10:00	11:00
593	2	116.548937 	39.857130 	0.03824	0.0727	09:00	12:00
594	2	116.218796 	40.062871 	0.2565	0.8893	13:00	15:00
595	2	116.421540 	39.987932 	0.0307	0.0509	13:00	15:30
596	2	116.353533 	39.932022 	0.7628	1.1438	09:30	10:30
597	2	116.191056 	39.936736 	0.017	0.1447	09:30	11:00
598	2	116.107043 	39.767910 	0.10978	0.167	09:30	12:00
599	2	116.185694 	39.997631 	0.032525	0.0489	13:00	14:00
600	2	116.398370 	39.774217 	0.5116	0.7941	13:00	15:30
601	2	116.280676 	39.721303 	0.0226	0.1332	11:30	13:30
602	2	116.521140 	39.853884 	0.066276	0.9147	11:00	12:00
603	2	116.625449 	39.922939 	0.0142	0.0995	09:30	10:30
604	2	116.648854 	39.986070 	0.03463	0.0817	13:30	14:30
605	2	116.567126 	39.842862 	0.048706	0.0817	09:00	10:00
606	2	116.410587 	39.828141 	0.02022	0.1782	09:00	10:00
607	2	116.616901 	40.045458 	0.02184	0.4118	13:30	15:30
608	2	116.618974 	39.952437 	1.29042	12.864	11:00	13:00
609	2	116.600180 	39.909411 	0.07633	0.45	09:30	12:00
610	2	116.522665 	39.994824 	0.056288	0.3383	09:30	10:30
611	2	116.514880 	39.951374 	0.931592	1.4919	11:30	13:00
612	2	116.589657 	39.807273 	0.0264	0.0502	13:30	14:00
613	2	116.237758 	39.858794 	0.53755	0.8366	09:30	12:00
614	2	116.110296 	40.005506 	0.04374	0.0652	11:30	13:00
615	2	116.524709 	40.101264 	0.152835	0.23	09:00	12:00
616	2	116.547886 	39.779557 	0.44925	0.6805	11:00	13:00
617	2	116.530172 	40.137807 	0.2253	0.5682	13:00	15:30
618	2	116.160706 	39.874217 	1.69446	4.7239	11:00	13:30
619	2	116.515177 	40.096172 	0.13518	0.3409	13:00	15:30
620	2	116.157850 	40.046680 	0.375255	0.6037	13:30	15:30
621	2	116.545489 	40.047997 	0.64689	1.0154	11:30	13:00
622	2	116.271314 	39.883651 	0.3504	0.493	09:00	12:00
623	2	116.206991 	39.962989 	0.02328	0.0345	09:30	12:00
624	2	116.248088 	39.693569 	0.1854	0.2587	13:00	15:00
625	2	116.320362 	39.976258 	0.072	0.6306	09:00	10:00
626	2	116.234138 	39.901958 	1.155125	1.8828	13:00	15:30
627	2	116.658803 	40.036407 	0.5888	0.8695	09:00	12:00
628	2	116.453524 	39.968758 	0.10808	0.1785	11:00	13:30
629	2	116.262626 	40.041660 	0.573546	0.8964	13:00	15:30
630	2	116.339841 	39.887723 	0.174964	0.2683	13:30	15:30
631	2	116.329853 	40.071240 	0.0134	0.0697	09:00	11:00
632	2	116.354617 	40.048024 	0.12	0.25	13:00	15:00
633	2	116.376671 	40.141155 	0.136	0.282	11:30	13:30
634	2	116.194301 	39.834449 	0.168	0.33	09:30	10:30
635	2	116.366228 	40.039758 	0.0783	0.6541	09:00	12:00
636	2	116.402464 	40.057738 	0.111	0.9942	09:00	12:00
637	2	116.246513 	40.082533 	0.3726	1.0996	09:00	12:00
638	2	116.167479 	39.787126 	0.58374	1.7227	13:30	15:00
639	2	116.326487 	40.048801 	0.3726	1.0996	13:30	14:30
640	2	116.327770 	39.720528 	0.3726	1.0996	09:00	10:00
641	2	116.475804 	39.847765 	0.2484	0.733	13:00	14:00
642	2	116.557899 	40.068641 	0.2484	0.733	10:00	12:00
643	2	116.166094 	39.866423 	1.91268	5.6444	09:30	11:00
644	2	116.636281 	39.964075 	0.1801	0.2778	09:30	11:00
645	2	116.558630 	39.755170 	1.3506	3.6595	09:30	10:30
646	2	116.454583 	39.919341 	0.76792	2.0873	09:00	10:00
647	2	116.508998 	39.955924 	0.0182	0.082	11:30	13:00
648	2	116.343479 	39.829586 	0.05424	0.2722	11:30	13:00
649	2	116.247023 	39.988247 	0.01152	0.0692	09:30	12:00
650	2	116.405040 	39.741622 	0.04656	0.2839	13:30	14:30
651	2	116.485102 	40.129100 	0.01746	0.0607	11:00	13:00
652	2	116.560910 	39.750603 	0.81072	2.9798	13:30	15:00
653	2	116.165644 	39.766958 	1.07538	6.2689	09:00	12:00
654	2	116.572416 	39.796499 	0.0621	0.1833	13:30	15:00
655	2	116.222021 	39.784712 	0.99822	2.3408	10:00	12:00
656	2	116.338698 	39.888312 	0.02359	0.0691	13:00	14:00
657	2	116.625386 	40.033758 	2.0467	3.249	09:30	10:30
658	2	116.129766 	40.049521 	0.0128	0.0199	09:30	12:00
659	2	116.620563 	40.049122 	0.184994	0.342	11:00	13:30
660	2	116.478334 	40.011218 	0.0216	0.0356	09:30	11:00
661	2	116.681040 	39.974810 	0.7575	5.5125	13:30	14:00
662	2	116.515665 	40.024256 	0.15999	0.3031	13:30	14:30
663	2	116.307731 	39.724235 	0.30377	0.8616	11:00	12:00
664	2	116.368120 	39.839160 	0.184	1.4392	11:00	13:30
665	2	116.293070 	39.712981 	0.01545	0.0905	10:00	11:00
666	2	116.662260 	39.889223 	0.096	1.3886	10:00	11:00
667	2	116.273052 	40.005707 	0.44577	1.0145	13:00	14:30
668	2	116.327285 	39.720821 	0.0173	0.0903	13:30	15:30
669	2	116.541900 	40.048627 	0.078623	0.5777	13:00	15:30
670	2	116.500003 	40.076557 	0.04484	0.0715	09:30	10:30
671	2	116.299402 	40.030263 	0.01469	0.0357	11:30	13:00
672	2	116.338317 	39.911869 	0.01109	0.0154	13:00	14:00
673	2	116.321520 	39.826328 	0.03296	0.0582	09:30	11:00
674	2	116.181889 	39.909099 	0.06038	0.0956	10:00	12:00
675	2	116.434195 	39.945952 	0.017	0.0216	13:30	15:30
676	2	116.677640 	39.943913 	0.06075	0.0576	11:30	13:30
677	2	116.472730 	39.898326 	0.10896	0.1984	13:00	14:00
678	2	116.416149 	39.828681 	0.02485	0.047	13:30	14:30
679	2	116.588154 	39.975445 	0.02	0.0242	13:30	15:00
680	2	116.390695 	39.871011 	0.04028	0.0682	11:30	13:00
681	2	116.142704 	39.769577 	0.186	0.2803	11:00	12:00
682	2	116.486317 	39.851140 	0.0468	0.0763	10:00	11:00
683	2	116.348496 	39.922986 	0.15438	0.2728	11:30	13:00
684	2	116.126570 	39.848214 	0.0108	0.0178	09:00	10:00
685	2	116.358939 	39.891154 	1.05	1.3259	11:30	13:30
686	2	116.295332 	39.778896 	1.05	1.3259	11:00	13:00
687	2	116.110811 	39.965487 	0.244505	0.5589	11:00	12:00
688	2	116.137802 	40.035138 	0.03346	0.3	09:00	10:00
689	2	116.500231 	39.829239 	0.07342	0.75	11:30	13:00
690	2	116.529861 	40.128418 	0.02128	0.25	09:30	10:30
691	2	116.345433 	40.139582 	0.01017	0.12	09:00	12:00
692	2	116.668790 	39.907877 	0.0105	0.08	13:30	15:30
693	2	116.599124 	39.848898 	0.133	1.1263	11:00	13:00
694	2	116.405882 	39.893260 	0.02052	0.35	13:30	14:30
695	2	116.618282 	40.017135 	0.26133	0.4221	09:30	10:30
696	2	116.185038 	40.023317 	0.0309	0.2742	11:30	13:00
697	2	116.444833 	39.951910 	0.08401	0.95	09:30	10:30
698	2	116.459553 	40.080726 	0.03107	0.2	09:30	10:30
699	2	116.473438 	39.931149 	0.02719	0.12	09:00	11:00
700	2	116.465551 	39.853541 	0.02794	0.2	11:30	13:00
701	2	116.280902 	39.762360 	0.12046	1.25	11:30	13:30
702	2	116.269210 	40.121877 	0.05938	0.7	13:00	14:30
703	2	116.627421 	40.046324 	0.06719	0.75	10:00	11:00
704	2	116.352097 	40.033593 	0.03468	0.55	13:30	14:30
705	2	116.635668 	40.005382 	0.11099	1.25	13:00	14:00
706	2	116.458797 	40.024260 	0.1929	2.15	13:30	15:00
707	2	116.403566 	39.851367 	0.10441	0.2447	11:00	12:00
708	2	116.168292 	40.155939 	0.04424	0.0913	13:30	15:00
709	2	116.331141 	39.737580 	0.06325	0.1978	13:00	14:00
710	2	116.477085 	39.768772 	0.26837	0.6872	11:30	13:00
711	2	116.350099 	40.072437 	0.5309	1.3299	13:00	14:00
712	2	116.219493 	39.760335 	0.20544	0.6121	10:00	11:00
713	2	116.403117 	40.135461 	0.1157	1.3294	13:30	14:30
714	2	116.588175 	39.882560 	0.2362	0.4884	13:00	14:00
715	2	116.390599 	39.761370 	0.03669	0.0807	10:00	11:00
716	2	116.517573 	39.841606 	0.06674	0.2256	11:00	13:30
717	2	116.479699 	39.781905 	0.309375	0.515	11:00	13:30
718	2	116.536824 	40.002928 	2.3056	3.5095	13:30	14:00
719	2	116.290487 	39.884561 	0.0552	0.1224	09:30	10:30
720	2	116.409359 	39.972407 	0.01805	0.0829	09:30	10:30
721	2	116.397712 	39.805085 	0.11864	0.7978	11:30	13:00
722	2	116.365291 	39.990579 	0.06985	0.5042	09:00	10:00
723	2	116.308188 	39.979731 	0.025238	0.179	11:00	13:00
724	2	116.506821 	39.987947 	0.017725	0.0404	13:00	15:00
725	2	116.206840 	39.886909 	1.38132	1.9981	11:00	12:00
726	2	116.428849 	40.021850 	0.65474	1.0643	11:00	13:30
727	2	116.341817 	39.922963 	0.8	1.3903	13:00	15:00
728	2	116.560955 	40.127605 	0.57924	0.9328	09:00	12:00
729	2	116.197796 	40.053907 	0.34192	0.5765	10:00	11:00
730	2	116.339442 	39.917288 	1.66496	2.5993	09:00	12:00
731	2	116.153279 	40.063008 	0.33024	0.5303	13:30	14:00
732	2	116.419230 	39.770051 	0.16668	0.3071	13:00	15:30
733	2	116.402995 	40.047521 	1.46378	2.4378	09:30	11:00
734	2	116.325907 	39.846778 	0.0941	0.1806	13:00	15:30
735	2	116.460209 	39.978637 	0.13634	0.31	11:00	12:00
736	2	116.253872 	40.106435 	0.19614	0.3567	09:30	12:00
737	2	116.365613 	40.051829 	0.17552	0.3604	13:30	14:30
738	2	116.608191 	39.909614 	0.17906	0.2975	09:30	10:30
739	2	116.330646 	40.126773 	0.52452	0.9317	13:00	14:30
740	2	116.542924 	40.108665 	1.34712	2.0785	13:30	14:00
741	2	116.398137 	39.774878 	0.91556	1.5102	09:30	12:00
742	2	116.489134 	39.859654 	0.14528	0.2432	13:30	15:00
743	2	116.329441 	39.966451 	0.1623	0.2472	09:30	10:30
744	2	116.315079 	39.938374 	0.26926	0.5063	09:00	10:00
745	2	116.201216 	39.887628 	2.3512	3.4563	11:30	13:00
746	2	116.477232 	39.995976 	0.20932	0.3345	09:30	10:30
747	2	116.186780 	39.915883 	0.04654	0.1034	09:30	10:30
748	2	116.371102 	39.869732 	0.28196	0.4299	13:30	14:00
749	2	116.512681 	39.807632 	0.5064	0.8067	11:30	13:00
750	2	116.651557 	40.043290 	0.275	0.5668	13:00	14:30
751	2	116.308302 	39.822849 	0.36238	0.6173	09:00	11:00
752	2	116.362291 	39.839774 	0.65716	1.0552	11:00	13:00
753	2	116.599634 	40.011500 	0.04078	0.0948	13:00	14:30
754	2	116.564445 	39.845750 	0.32808	0.5683	09:30	12:00
755	2	116.393815 	39.928305 	0.5904	1.1023	09:00	12:00
756	2	116.308926 	39.763173 	0.2453	0.5935	09:30	10:30
757	2	116.349355 	39.725527 	0.102	0.1776	13:30	14:00
758	2	116.421347 	39.993679 	0.5955	0.8994	13:00	14:30
759	2	116.500434 	39.872422 	0.39362	0.6877	11:00	13:00
760	2	116.458841 	40.132700 	0.03566	0.068	11:00	13:00
761	2	116.444844 	39.988266 	0.8858	1.511	13:00	15:00
762	2	116.188894 	40.098187 	0.1655	0.2864	11:00	13:30
763	2	116.529017 	39.853557 	0.09914	0.1922	09:00	10:00
764	2	116.372294 	39.913154 	0.41754	0.6117	09:30	10:30
765	2	116.158283 	39.833183 	0.23862	0.5916	13:30	14:00
766	2	116.239924 	40.095600 	0.5959	1.0429	09:00	12:00
767	2	116.554629 	39.762987 	0.179	0.3064	09:30	11:00
768	2	116.287655 	40.055676 	0.19982	0.3931	09:30	12:00
769	2	116.319315 	40.109421 	0.47418	0.7852	09:30	12:00
770	2	116.124133 	39.706493 	0.05484	0.1161	09:00	10:00
771	2	116.371879 	39.896692 	0.52742	0.8809	09:30	12:00
772	2	116.125839 	39.787958 	0.03446	0.0646	13:00	15:30
773	2	116.385695 	40.013105 	1.5295	2.6761	09:30	10:30
774	2	116.274818 	40.131589 	0.40932	0.7395	13:00	14:30
775	2	116.195270 	40.070620 	0.59008	1.0637	10:00	11:00
776	2	116.332097 	39.731543 	0.5758	1.1349	13:30	15:30
777	2	116.338668 	39.711568 	1.52242	2.6614	09:30	11:00
778	2	116.393795 	39.949852 	0.41276	0.7084	11:00	13:30
779	2	116.419593 	39.939738 	0.51524	0.9137	13:30	15:00
780	2	116.211209 	40.108159 	0.31512	0.5118	10:00	11:00
781	2	116.332802 	39.742828 	0.13306	0.2449	09:00	12:00
782	2	116.373711 	39.922413 	0.2706	0.5067	09:00	10:00
783	2	116.448639 	39.854008 	0.03446	0.0702	11:30	13:30
784	2	116.501772 	39.923283 	0.14296	0.2728	13:30	15:30
785	2	116.549782 	39.956449 	0.97332	1.6431	13:00	15:00
786	2	116.207971 	39.881104 	1.59766	2.7288	13:00	15:00
787	2	116.312062 	40.149753 	0.0373	0.0944	13:00	14:30
788	2	116.161447 	39.716482 	0.4633	0.6692	09:00	10:00
789	2	116.625885 	40.088227 	0.08056	0.1355	13:30	15:30
790	2	116.592457 	39.820582 	1.9828	4.4404	13:00	15:00
791	2	116.472618 	39.895942 	0.0396	0.0869	13:00	14:00
792	2	116.238051 	39.862919 	0.50508	1.1159	09:00	11:00
793	2	116.588151 	39.803449 	0.3579	0.573	13:30	14:00
794	2	116.276851 	39.785820 	0.10426	0.1817	09:30	11:00
795	2	116.387268 	40.150167 	0.63934	1.0772	13:30	14:30
796	2	116.621555 	39.952790 	0.18886	0.3675	09:00	11:00
797	2	116.447548 	39.967599 	0.03836	0.0717	09:30	10:30
798	2	116.476536 	39.833458 	0.03372	0.0781	11:00	13:00
799	2	116.562897 	39.863101 	0.41316	0.6286	13:30	15:30
800	2	116.400039 	39.938957 	0.12246	0.2356	11:00	13:00
801	2	116.567740 	39.826707 	0.38048	0.5378	10:00	12:00
802	2	116.530501 	39.807126 	1.1938	2.0248	09:00	12:00
803	2	116.702357 	39.944017 	0.93782	1.4653	13:00	14:00
804	2	116.242983 	40.075880 	1.92586	3.363	09:00	11:00
805	2	116.424777 	39.976214 	0.22896	0.3853	09:30	11:00
806	2	116.428117 	39.878809 	0.46594	0.7133	11:00	12:00
807	2	116.582970 	39.922249 	0.28046	0.562	13:00	15:30
808	2	116.693543 	39.862887 	0.27654	0.5587	11:30	13:30
809	2	116.420054 	39.887585 	0.12098	0.2295	09:00	11:00
810	2	116.526532 	39.899001 	0.03352	0.0736	13:30	14:30
811	2	116.157133 	39.776942 	0.30676	0.5347	13:30	14:00
812	2	116.266522 	39.716202 	0.0222	0.0393	13:30	15:00
813	2	116.599078 	39.856431 	1.04662	1.6756	09:00	11:00
814	2	116.427559 	39.898946 	0.04118	0.0754	11:00	12:00
815	2	116.417585 	39.862072 	0.25662	0.4427	13:00	15:00
816	2	116.581786 	39.918361 	0.38032	1.2421	09:00	11:00
817	2	116.337541 	39.808534 	0.30634	0.7147	10:00	11:00
818	2	116.271105 	39.873630 	0.819	1.5873	13:30	14:00
819	2	116.345259 	39.912021 	0.25692	0.5111	09:30	11:00
820	2	116.457250 	39.750179 	0.59448	0.9504	10:00	11:00
821	2	116.220447 	40.025713 	0.31802	0.5587	09:30	10:30
822	2	116.251159 	40.090535 	2.18692	3.5475	13:30	15:30
823	2	116.568546 	40.131230 	0.58716	0.9305	11:00	13:00
824	2	116.316811 	39.909832 	0.48864	0.8241	13:30	15:30
825	2	116.173014 	39.834718 	0.3945	0.5742	09:30	11:00
826	2	116.477207 	39.862211 	0.75004	1.3688	09:30	12:00
827	2	116.599710 	40.136466 	0.89352	1.5112	09:30	11:00
828	2	116.203652 	39.774660 	1.4294	2.1731	10:00	11:00
829	2	116.397347 	40.131686 	0.05756	0.1243	13:30	15:30
830	2	116.360030 	39.915020 	0.53764	1.1191	09:00	10:00
831	2	116.519927 	39.865756 	0.35362	0.5673	09:00	11:00
832	2	116.498840 	40.072409 	0.0433	0.0976	10:00	12:00
833	2	116.115826 	40.039261 	0.07034	0.1571	11:00	13:00
834	2	116.503155 	40.143600 	0.15446	0.328	11:00	13:00
835	2	116.283574 	39.785398 	0.12852	0.3605	13:00	15:30
836	2	116.192412 	40.013011 	0.2415	0.3236	13:00	15:00
837	2	116.334277 	39.794258 	0.51304	0.7242	13:00	15:30
838	2	116.612069 	40.035418 	0.11692	0.2002	13:00	15:00
839	2	116.288449 	39.927187 	0.35846	0.6253	09:30	12:00
840	2	116.624819 	40.007150 	1.53764	2.5209	11:00	13:00
841	2	116.468545 	39.822531 	0.0358	0.0808	09:30	10:30
842	2	116.391481 	39.946034 	0.2257	0.3933	13:00	14:00
843	2	116.506746 	39.804799 	0.41764	0.6866	10:00	11:00
844	2	116.389705 	39.890908 	0.33996	0.6065	13:00	15:00
845	2	116.415261 	40.110607 	0.05636	0.104	13:30	15:30
846	2	116.608849 	39.891278 	0.56924	0.8743	11:00	12:00
847	2	116.242260 	39.736943 	0.3116	0.4969	13:30	15:00
848	2	116.623805 	40.033850 	0.06874	0.1222	13:00	14:30
849	2	116.481884 	40.045316 	0.06118	0.175	09:30	10:30
850	2	116.514947 	39.900819 	0.05124	0.0849	09:00	11:00
851	2	116.148524 	39.992367 	0.0584	0.1068	09:30	11:00
852	2	116.661764 	39.933302 	0.13068	0.2645	13:00	15:30
853	2	116.161832 	39.820199 	0.77298	1.2241	09:00	10:00
854	2	116.606745 	39.999207 	0.12326	0.2103	10:00	12:00
855	2	116.663994 	39.863277 	0.09262	0.1405	11:00	13:30
856	2	116.541081 	39.829590 	0.48564	0.7465	09:00	10:00
857	2	116.535988 	40.072143 	0.06328	0.1134	13:30	15:30
858	2	116.363772 	40.099537 	0.11104	0.2305	13:00	15:30
859	2	116.259803 	39.944802 	0.2255	0.3951	09:30	12:00
860	2	116.329240 	39.973520 	0.31382	0.5394	11:00	12:00
861	2	116.288724 	39.828995 	0.2306	0.4274	11:30	13:30
862	2	116.339260 	39.926893 	0.184072	0.4341	09:00	10:00
863	2	116.596404 	39.925794 	0.27114	0.4783	09:00	11:00
864	2	116.175861 	39.997086 	0.018892	0.0323	13:30	14:30
865	2	116.522370 	39.750284 	0.26199	0.4564	09:30	10:30
866	2	116.417280 	39.805135 	0.1613	0.2846	10:00	11:00
867	2	116.137297 	39.857680 	0.16723	0.2909	10:00	12:00
868	2	116.585592 	39.919596 	0.207836	0.426	09:30	11:00
869	2	116.208950 	40.144970 	0.0146	0.0248	13:30	15:00
870	2	116.439828 	39.954919 	0.32945	0.6776	09:30	10:30
871	2	116.525250 	39.901870 	0.73345	2.3334	09:30	11:00
872	2	116.136103 	39.738477 	0.5745	1.2306	11:00	12:00
873	2	116.400419 	39.880992 	0.28265	0.4943	13:00	14:00
874	2	116.226603 	39.781721 	0.20544	0.2472	10:00	11:00
875	2	116.471179 	40.048475 	0.045	0.15	11:30	13:30
876	2	116.573869 	40.007640 	0.04272	0.0588	13:00	14:00
877	2	116.419474 	39.945328 	0.0545	0.3875	13:30	14:00
878	2	116.223006 	39.992908 	0.15675	1.0509	10:00	12:00
879	2	116.197994 	40.015583 	0.32474	1.9532	13:00	14:30
880	2	116.436081 	39.903398 	0.168194	0.2588	13:00	15:30
881	2	116.396870 	39.945787 	0.283	0.479	13:00	14:30
882	2	116.237712 	39.954979 	0.017895	0.2676	13:00	15:30
883	2	116.304613 	39.912096 	0.1708	0.2606	13:00	15:30
884	2	116.146917 	39.853935 	0.380774	0.8011	09:30	11:00
885	2	116.345490 	39.742426 	0.08642	0.154	13:30	15:00
886	2	116.246408 	40.105003 	0.010458	0.0705	09:00	10:00
887	2	116.325236 	39.868347 	0.07454	0.1377	09:00	12:00
888	2	116.238100 	40.109921 	0.299	2.3387	13:30	15:30
889	2	116.241274 	40.154529 	0.66995	5.2659	13:00	15:30
890	2	116.422261 	40.103755 	0.07482	0.1997	13:00	14:30
891	2	116.335351 	39.890097 	0.01655	0.0304	09:30	11:00
892	2	116.118448 	39.985482 	0.26359	1.9727	13:00	15:00
893	2	116.201020 	39.923363 	0.07452	0.105	09:00	11:00
894	2	116.478511 	39.998755 	0.195	0.2971	09:30	12:00
895	2	116.501556 	40.114321 	0.275885	0.51	13:30	15:30
896	2	116.187699 	40.026073 	0.168715	0.2864	13:30	14:00
897	2	116.428049 	39.876519 	0.46975	0.7258	13:00	15:00
898	2	116.662424 	40.018428 	0.12743	0.2067	13:30	14:00
899	2	116.499963 	39.858608 	0.06366	0.0892	09:00	11:00
900	2	116.257881 	39.979024 	0.1824	0.2771	11:00	12:00
901	2	116.271390 	40.012750 	0.19888	0.394	11:00	12:00
902	2	116.366704 	39.728791 	0.254245	0.5021	11:00	12:00
903	2	116.387287 	39.990805 	0.05664	0.0889	09:00	10:00
904	2	116.291380 	39.708102 	0.23844	0.3721	13:30	14:00
905	2	116.446687 	40.085800 	0.1004	0.1524	13:00	15:00
906	2	116.625374 	39.960537 	0.02024	0.0416	13:30	15:30
907	2	116.612984 	39.908994 	0.01518	0.0312	10:00	11:00
908	2	116.562485 	40.098640 	0.01518	0.0312	09:30	12:00
909	2	116.328336 	39.799487 	0.03634	0.0657	13:30	14:00
910	2	116.554435 	39.926517 	0.0254	0.0484	09:30	12:00
911	2	116.493386 	39.851106 	0.21636	0.3768	09:00	12:00
912	2	116.306262 	39.958309 	0.15902	0.2896	13:30	14:00
913	2	116.170051 	39.853424 	0.163895	0.2543	13:30	14:30
914	2	116.533526 	40.137964 	0.14435	0.2633	09:30	10:30
915	2	116.183300 	39.933591 	0.54094	0.9143	13:00	15:30
916	2	116.429548 	40.123542 	0.1982	0.3277	09:30	10:30
917	2	116.303278 	39.937591 	0.39089	0.709	11:00	12:00
918	2	116.419895 	39.933496 	0.0143	0.0952	13:30	15:00
919	2	116.554879 	39.853222 	0.0106	0.0415	13:30	15:00
920	2	116.175789 	39.778266 	0.16571	0.2531	13:30	14:30
921	2	116.567861 	39.982635 	0.265376	0.5304	11:00	13:30
922	2	116.458841 	39.871530 	0.2208	0.2723	09:00	12:00
923	2	116.389055 	39.839797 	0.15822	0.272	13:00	14:30
924	2	116.239696 	39.929469 	0.3415	0.3915	10:00	12:00
925	2	116.385400 	39.769066 	0.0768	0.1427	09:00	11:00
926	2	116.202924 	40.027005 	0.71696	1.3074	10:00	12:00
927	2	116.388189 	39.976691 	0.18483	0.356	09:00	11:00
928	2	116.152797 	39.729289 	0.20632	0.3853	13:30	15:00
929	2	116.634486 	40.006673 	0.15067	0.259	13:00	14:30
930	2	116.388864 	39.893224 	0.15967	0.3283	09:30	10:30
931	2	116.158463 	39.998749 	0.19558	0.3229	09:00	12:00
932	2	116.481087 	39.786023 	0.149055	0.2602	13:00	14:30
933	2	116.222380 	40.072736 	0.19763	0.3515	09:00	11:00
934	2	116.677395 	39.953200 	0.17665	0.303	10:00	11:00
935	2	116.168606 	40.076471 	0.21567	0.3832	11:00	13:00
936	2	116.353892 	39.885909 	0.15056	0.2482	13:00	14:30
937	2	116.450853 	39.966635 	0.2135	0.3258	13:00	14:00
938	2	116.398990 	39.936248 	0.2995	0.4536	09:00	11:00
939	2	116.511785 	39.881191 	0.189338	0.331	11:00	12:00
940	2	116.473143 	39.928991 	0.187065	0.3355	13:00	14:30
941	2	116.361640 	39.877361 	0.1509	0.3002	09:00	11:00
942	2	116.301360 	39.916219 	0.16409	0.2725	13:00	15:00
943	2	116.350866 	39.850280 	0.17583	0.3177	09:30	10:30
944	2	116.539170 	40.035252 	0.25158	0.456	13:00	14:00
945	2	116.464674 	39.895221 	0.1709	0.2788	13:00	14:00
946	2	116.334505 	40.075513 	0.29083	0.5124	09:00	12:00
947	2	116.533300 	39.841656 	0.16685	0.2612	09:30	11:00
948	2	116.456261 	39.971130 	0.194	0.2937	13:30	14:00
949	2	116.651440 	39.897146 	0.14915	0.2615	13:30	14:30
950	2	116.382323 	39.948059 	0.18408	0.3315	09:30	10:30
951	2	116.588398 	40.062677 	0.193685	0.3362	11:00	13:00
952	2	116.264292 	40.040628 	0.48497	0.8551	13:30	14:00
953	2	116.449145 	40.148162 	0.101	0.2377	09:00	10:00
954	2	116.581147 	39.764562 	0.012	0.2	11:30	13:00
955	2	116.414695 	39.844313 	0.069	0.2	09:00	10:00
956	2	116.143518 	40.061841 	0.096	0.2	09:00	10:00
957	2	116.203126 	40.145678 	0.0223	0.3033	13:30	14:30
958	2	116.196454 	40.125869 	0.0215	0.14	09:00	11:00
959	2	116.318507 	40.013342 	0.0129	0.084	11:30	13:00
960	2	116.303047 	39.825072 	0.01652	0.1506	13:30	14:30
961	2	116.291065 	40.041334 	0.010154	0.4219	13:30	15:00
962	2	116.362479 	40.123081 	0.101	0.2377	11:30	13:00
963	2	116.321913 	40.101463 	0.01226	0.0438	11:00	13:00
964	2	116.478431 	39.920651 	0.016872	0.1382	13:00	15:00
965	2	116.312632 	39.838885 	0.019728	0.1362	13:00	15:30
966	2	116.276702 	39.954245 	0.0847	0.2817	10:00	11:00
967	2	116.418870 	39.822133 	0.11984	0.357	13:30	15:30
968	2	116.170669 	40.043964 	0.2484	0.733	10:00	11:00
969	2	116.663289 	39.934409 	0.02796	0.097	13:00	14:00
970	2	116.357873 	39.847801 	0.16112	0.3768	13:00	15:00
971	2	116.313260 	39.826305 	0.0266	0.0624	13:00	14:30
972	2	116.140968 	39.832756 	0.25814	0.6851	10:00	12:00
973	2	116.339127 	39.873210 	1.69446	4.7239	11:30	13:30
974	2	116.538116 	39.841241 	0.02796	0.097	11:00	13:00
975	2	116.529240 	39.874006 	0.03012	0.07	11:30	13:30
976	2	116.513872 	40.056210 	1.104	8.5536	11:00	12:00
977	2	116.383861 	39.903875 	0.02796	0.097	11:00	13:00
978	2	116.129373 	39.826761 	0.8	4.998	11:00	13:00
979	2	116.100162 	39.722204 	1.6	9.996	13:30	14:30
980	2	116.515522 	39.958707 	0.02796	0.097	13:30	14:00
981	2	116.314625 	39.986439 	0.67068	1.9792	09:30	10:30
982	2	116.617868 	40.115964 	0.621	1.8326	09:00	10:00
983	2	116.460264 	40.047450 	0.309	1.0075	13:00	15:30
984	2	116.401250 	40.137455 	0.15014	0.3978	13:00	14:00
985	2	116.193495 	40.133847 	0.02796	0.097	10:00	11:00
986	2	116.366316 	40.001177 	1.77606	5.2413	09:30	10:30
987	2	116.194068 	40.100173 	1.242	3.6652	10:00	11:00
988	2	116.414585 	39.982113 	0.1242	0.3665	09:30	10:30
989	2	116.302248 	39.804701 	1.39104	4.105	09:00	10:00
990	2	116.398426 	39.873590 	0.202	0.4754	13:00	14:30
991	2	116.695100 	39.976588 	0.7052	1.6505	09:30	11:00
992	2	116.405906 	39.837110 	0.07329	0.1467	11:00	13:30
993	2	116.414429 	40.061103 	1.104	8.5536	13:30	14:30
994	2	116.301897 	39.901072 	0.02796	0.097	13:30	15:30
995	2	116.212629 	39.866669 	0.02796	0.097	13:00	14:00
996	2	116.496265 	39.953829 	0.31102	0.9203	09:00	10:00
997	2	116.379935 	39.931517 	0.0566	0.3791	09:30	12:00
998	2	116.288705 	39.700441 	0.08877	0.1336	10:00	11:00
999	2	116.325110 	39.869964 	0.0612	0.09	09:00	10:00
1000	2	116.162844 	39.837273 	0.075	0.25	13:00	14:30
1001	3	116.152113 	39.868443 	-	-	-	-
1002	3	116.228050 	40.011914 	-	-	-	-
1003	3	116.281423 	39.776693 	-	-	-	-
1004	3	116.382519 	39.977430 	-	-	-	-
1005	3	116.356102 	39.933750 	-	-	-	-
1006	3	116.459988 	40.011462 	-	-	-	-
1007	3	116.140443 	40.038863 	-	-	-	-
1008	3	116.457361 	39.840036 	-	-	-	-
1009	3	116.222633 	39.977565 	-	-	-	-
1010	3	116.202066 	40.143993 	-	-	-	-
1011	3	116.588989 	40.057086 	-	-	-	-
1012	3	116.526879 	39.817878 	-	-	-	-
1013	3	116.503597 	39.902860 	-	-	-	-
1014	3	116.443108 	39.938899 	-	-	-	-
1015	3	116.654835 	39.901081 	-	-	-	-
1016	3	116.570247 	40.115670 	-	-	-	-
1017	3	116.581585 	39.807587 	-	-	-	-
1018	3	116.631990 	39.982092 	-	-	-	-
1019	3	116.332306 	39.779971 	-	-	-	-
1020	3	116.126923 	39.733712 	-	-	-	-
1021	3	116.323987 	39.927989 	-	-	-	-
1022	3	116.613044 	39.938500 	-	-	-	-
1023	3	116.477402 	39.987549 	-	-	-	-
1024	3	116.408934 	39.921871 	-	-	-	-
1025	3	116.168921 	39.872391 	-	-	-	-
1026	3	116.278341 	39.802166 	-	-	-	-
1027	3	116.566406 	40.040446 	-	-	-	-
1028	3	116.412820 	39.811639 	-	-	-	-
1029	3	116.131296 	39.720798 	-	-	-	-
1030	3	116.629915 	39.873330 	-	-	-	-
1031	3	116.476438 	40.116922 	-	-	-	-
1032	3	116.472431 	39.877080 	-	-	-	-
1033	3	116.296797 	40.024540 	-	-	-	-
1034	3	116.583370 	40.008059 	-	-	-	-
1035	3	116.340188 	39.714245 	-	-	-	-
1036	3	116.472971 	40.020429 	-	-	-	-
1037	3	116.467567 	39.881927 	-	-	-	-
1038	3	116.371610 	39.905397 	-	-	-	-
1039	3	116.231449 	40.043761 	-	-	-	-
1040	3	116.288315 	39.934825 	-	-	-	-
1041	3	116.462797 	40.126535 	-	-	-	-
1042	3	116.261842 	39.903859 	-	-	-	-
1043	3	116.472031 	39.867853 	-	-	-	-
1044	3	116.346776 	39.880004 	-	-	-	-
1045	3	116.217143 	40.127949 	-	-	-	-
1046	3	116.619308 	39.809301 	-	-	-	-
1047	3	116.185045 	39.750972 	-	-	-	-
1048	3	116.636648 	39.960603 	-	-	-	-
1049	3	116.453058 	39.797329 	-	-	-	-
1050	3	116.187589 	39.802281 	-	-	-	-
1051	3	116.211918 	39.804844 	-	-	-	-
1052	3	116.363721 	39.886527 	-	-	-	-
1053	3	116.402613 	40.060020 	-	-	-	-
1054	3	116.470978 	40.018366 	-	-	-	-
1055	3	116.613283 	39.907860 	-	-	-	-
1056	3	116.408038 	40.128963 	-	-	-	-
1057	3	116.266482 	39.716903 	-	-	-	-
1058	3	116.611588 	40.051097 	-	-	-	-
1059	3	116.575600 	40.010424 	-	-	-	-
1060	3	116.389527 	39.935703 	-	-	-	-
1061	3	116.697171 	39.913430 	-	-	-	-
1062	3	116.180742 	39.777659 	-	-	-	-
1063	3	116.443718 	39.859208 	-	-	-	-
1064	3	116.532836 	39.925667 	-	-	-	-
1065	3	116.597094 	40.031667 	-	-	-	-
1066	3	116.578958 	40.028698 	-	-	-	-
1067	3	116.540976 	39.915874 	-	-	-	-
1068	3	116.179564 	39.942900 	-	-	-	-
1069	3	116.290359 	39.806944 	-	-	-	-
1070	3	116.157265 	39.720736 	-	-	-	-
1071	3	116.314397 	39.882352 	-	-	-	-
1072	3	116.556810 	39.762148 	-	-	-	-
1073	3	116.456902 	39.986785 	-	-	-	-
1074	3	116.175172 	40.055369 	-	-	-	-
1075	3	116.474374 	40.085050 	-	-	-	-
1076	3	116.258322 	39.774758 	-	-	-	-
1077	3	116.592490 	40.044558 	-	-	-	-
1078	3	116.621956 	40.018520 	-	-	-	-
1079	3	116.345859 	39.748722 	-	-	-	-
1080	3	116.342117 	39.862326 	-	-	-	-
1081	3	116.325580 	39.968540 	-	-	-	-
1082	3	116.407430 	39.996251 	-	-	-	-
1083	3	116.211268 	40.129097 	-	-	-	-
1084	3	116.482994 	39.956433 	-	-	-	-
1085	3	116.522689 	39.995497 	-	-	-	-
1086	3	116.590549 	39.922551 	-	-	-	-
1087	3	116.322102 	39.946090 	-	-	-	-
1088	3	116.199460 	39.745060 	-	-	-	-
1089	3	116.177043 	40.050244 	-	-	-	-
1090	3	116.347080 	39.901511 	-	-	-	-
1091	3	116.518829 	40.006700 	-	-	-	-
1092	3	116.627948 	40.028914 	-	-	-	-
1093	3	116.456075 	40.156019 	-	-	-	-
1094	3	116.321546 	39.870067 	-	-	-	-
1095	3	116.263685 	39.810561 	-	-	-	-
1096	3	116.544018 	39.867461 	-	-	-	-
1097	3	116.396927 	40.007160 	-	-	-	-
1098	3	116.235869 	39.908023 	-	-	-	-
1099	3	116.643954 	40.027593 	-	-	-	-
1100	3	116.324378 	40.031500 	-	-	-	-
